-0.0
-0.09423816346856513
-0.18655309911123985
-0.2769448069280269
-0.3654132869189227
-0.4519585390839308
-0.5365805634230504
-0.6192793599362805
-0.7000549286236221
-0.7789072694850723
-0.8558363825206358
-0.9308422677303079
-1.0039249251140934
-1.0750843546719902
-1.1443205564039958
-1.2116335303101138
-1.2770232763903404
-1.3404897946446812
-1.4020330850731297
-1.4616531476756927
-1.5193499824523649
-1.5751235894031461
-1.6289739685280422
-1.6809011198270454
-1.7309050433001616
-1.7789857389473867
-1.8251432067687268
-1.8693774467641755
-1.911688458933735
-1.9520762432774037
-1.9905407997951867
-2.027082128487079
-2.06170022935308
-2.094395102393195
-2.125166747607421
-2.1540151649957564
-2.180940354558204
-2.2059423162947627
-2.229021050205431
-2.2501765562902096
-2.2694088345491004
-2.286717884982103
-2.302103707589214
-2.315566302370437
-2.327105669325775
-2.3367218084552186
-2.344414719758774
-2.350184403236442
-2.35403085888822
-2.3559540867141076
-2.3559540867141084
-2.354030858888219
-2.350184403236442
-2.344414719758774
-2.3367218084552186
-2.327105669325774
-2.315566302370438
-2.302103707589214
-2.286717884982102
-2.2694088345491004
-2.2501765562902105
-2.229021050205431
-2.205942316294761
-2.180940354558204
-2.1540151649957555
-2.125166747607421
-2.094395102393195
-2.061700229353082
-2.0270821284870766
-1.9905407997951858
-1.9520762432774037
-1.9116884589337328
-1.8693774467641737
-1.825143206768725
-1.7789857389473875
-1.7309050433001607
-1.6809011198270454
-1.6289739685280413
-1.5751235894031461
-1.519349982452364
-1.4616531476756909
-1.4020330850731297
-1.3404897946446794
-1.2770232763903413
-1.211633530310113
-1.1443205564039949
-1.0750843546719884
-1.0039249251140934
-0.9308422677303088
-0.8558363825206349
-0.7789072694850723
-0.7000549286236211
-0.6192793599362796
-0.5365805634230495
-0.4519585390839299
-0.3654132869189217
-0.276944806928026
-0.18655309911123893
-0.09423816346856419
-0.0
